60000,70000,80000,90000,100000,110000,120000,130000,140000,150000,160000,170000,180000,190000,200000,210000,220000,230000,240000,250000,260000,270000,280000,290000,300000,310000,320000,330000,340000,350000,360000,370000,380000,390000,400000,410000,420000,430000,440000,450000,460000,470000,480000,490000,500000,510000,520000,530000,540000,550000,560000,570000,580000,590000,600000,610000,620000,630000,640000,650000,660000,670000,680000,690000,700000,710000,720000,730000,740000,750000,760000,770000,780000,790000,800000,810000,820000,830000,840000,850000,860000,870000,880000,890000,900000,910000,920000,930000,940000,950000,960000,970000,980000,990000,1000000,1010000,1020000,1030000,1040000,1050000,1060000,1070000,1080000,1090000,1100000,1110000,1120000,1130000,1140000,1150000,1160000,1170000,1180000,1190000,1200000,1210000,1220000,1230000,1240000,1250000,1260000,1270000,1280000,1290000,1300000,1310000,1320000,1330000,1340000,1350000,1360000,1370000,1380000,1390000,1400000,1410000,1420000,1430000,1440000,1450000,1460000,1470000,1480000,1490000,1500000,1510000,1520000,1530000,1540000,1550000,1560000,1570000,1580000,1590000,1600000,1610000,1620000,1630000,1640000,1650000,1660000,1670000,1680000,1690000,1700000,1710000,1720000,1730000,1740000,1750000,1760000,1770000,1780000,1790000,1800000

-20.1904761905,-20.2054794521,-20.2142857143,-20.2,-20.23,-20.31,-20.28,-20.33,-20.2,-20.19,-20.18,-20.07,-20.08,-20.08,-20.04,-20.01,-20.02,-19.96,-19.91,-19.81,-19.78,-19.74,-19.7,-19.59,-19.53,-19.44,-19.37,-19.26,-19.19,-19.1,-19.09,-19.09,-19.07,-18.97,-18.99,-18.87,-18.87,-18.79,-18.78,-18.72,-18.57,-18.45,-18.45,-18.3,-18.18,-18.16,-17.98,-17.86,-17.82,-17.68,-17.57,-17.47,-17.35,-17.32,-17.24,-17.3,-17.21,-17.15,-17.22,-17.16,-17.08,-16.91,-16.86,-16.76,-16.67,-16.73,-16.63,-16.5,-16.21,-15.96,-15.78,-15.67,-15.45,-15.28,-15.22,-15.02,-14.86,-14.75,-14.47,-14.2,-13.99,-13.86,-13.63,-13.5,-13.22,-12.99,-12.74,-12.56,-12.38,-11.94,-11.7,-11.42,-11.23,-10.68,-10.53,-10.38,-10.04,-9.8,-9.32,-8.96,-8.61,-8.17,-7.71,-7.16,-6.45,-6.34,-5.81,-5.38,-4.71,-4.48,-3.93,-3.53,-3.37,-2.95,-2.59,-2.11,-1.63,-1.33,-0.94,0.05,0.73,1.07,1.7,2.21,2.73,3.2,3.47,3.86,4.11,4.45,4.98,5.55,5.89,6.25,6.68,7.12,7.77,8.2,8.66,8.97,9.54,9.86,10.52,10.88,11.18,11.52,11.99,11.97,12.14,12.4,12.54,12.93,13.33,13.59,13.89,13.89,14.05,14.37,14.65,14.86,14.95,14.87,14.93,15.26,15.3,15.27,15.43,15.51,15.61,15.72,15.81,15.78,15.98,15.94,15.87

63,73,84,95,105,116,126,136,147,157,168,177,188,198,208,219,228,238,246,256,265,274,282,290,298,306,314,322,330,337,345,353,361,368,376,383,390,397,405,412,418,426,432,439,446,452,459,465,471,478,484,490,496,503,509,516,522,528,534,540,546,551,557,562,567,573,578,583,587,591,595,600,605,609,615,619,623,627,631,635,639,643,647,651,654,658,661,665,668,672,674,677,680,683,686,689,692,695,698,700,703,706,709,712,715,717,720,723,726,728,731,734,736,739,741,744,747,749,752,756,759,762,765,768,771,774,777,780,783,786,789,793,797,800,804,807,812,816,820,823,828,832,836,839,843,847,851,855,859,863,867,872,876,880,885,888,892,897,902,906,910,914,919,924,929,933,938,942,946,951,955,959,964,969,972

0.946,0.937,0.928,0.919,0.91,0.901,0.892,0.883,0.874,0.865,0.856,0.847,0.838,0.829,0.82,0.811,0.802,0.793,0.784,0.775,0.766,0.757,0.748,0.739,0.73,0.721,0.712,0.703,0.694,0.685,0.676,0.667,0.658,0.649,0.64,0.631,0.622,0.613,0.604,0.595,0.586,0.577,0.568,0.559,0.55,0.541,0.532,0.523,0.514,0.505,0.496,0.487,0.478,0.469,0.46,0.451,0.442,0.433,0.424,0.415,0.406,0.397,0.388,0.379,0.37,0.361,0.352,0.343,0.334,0.325,0.316,0.307,0.298,0.289,0.28,0.271,0.262,0.253,0.244,0.235,0.226,0.217,0.208,0.199,0.19,0.181,0.172,0.163,0.154,0.145,0.136,0.127,0.118,0.109,0.1,0.099775,0.09955,0.099325,0.0991,0.098875,0.09865,0.098425,0.0982,0.097975,0.09775,0.097525,0.0973,0.097075,0.09685,0.096625,0.0964,0.096175,0.09595,0.095725,0.0955,0.095275,0.09505,0.094825,0.0946,0.094375,0.09415,0.093925,0.0937,0.093475,0.09325,0.093025,0.0928,0.092575,0.09235,0.092125,0.0919,0.091675,0.09145,0.091225,0.091,0.090775,0.09055,0.090325,0.0901,0.089875,0.08965,0.089425,0.0892,0.088975,0.08875,0.088525,0.0883,0.088075,0.08785,0.087625,0.0874,0.087175,0.08695,0.086725,0.0865,0.086275,0.08605,0.085825,0.0856,0.085375,0.08515,0.084925,0.0847,0.084475,0.08425,0.084025,0.0838,0.083575,0.08335,0.083125,0.0829,0.082675,0.08245,0.082225,0.082

0.0001,0.0001,0.0001,0.0001,0.0001,0.0001,0.0001,0.0001,0.0001,0.0001,0.0001,0.0001,0.0001,0.0001,0.0001,0.0001,0.0001,0.0001,0.0001,0.0001,0.0001,0.0001,0.0001,0.0001,0.0001,0.0001,0.0001,0.0001,0.0001,0.0001,0.0001,0.0001,0.0001,0.0001,0.0001,0.0001,0.0001,0.0001,0.0001,0.0001,0.0001,0.0001,0.0001,0.0001,0.0001,0.0001,0.0001,0.0001,0.0001,0.0001,0.0001,0.0001,0.0001,0.0001,0.0001,0.0001,0.0001,0.0001,0.0001,0.0001,0.0001,0.0001,0.0001,0.0001,0.0001,0.0001,0.0001,0.0001,0.0001,0.0001,0.0001,0.0001,0.0001,0.0001,0.0001,0.0001,0.0001,0.0001,0.0001,0.0001,0.0001,0.0001,0.0001,0.0001,0.0001,0.0001,0.0001,0.0001,0.0001,0.0001,0.0001,0.0001,0.0001,0.0001,0.0001,9.9875e-05,9.975e-05,9.9625e-05,9.95e-05,9.9375e-05,9.925e-05,9.9125e-05,9.9e-05,9.8875e-05,9.875e-05,9.8625e-05,9.85e-05,9.8375e-05,9.825e-05,9.8125e-05,9.8e-05,9.7875e-05,9.775e-05,9.7625e-05,9.75e-05,9.7375e-05,9.725e-05,9.7125e-05,9.7e-05,9.6875e-05,9.675e-05,9.6625e-05,9.65e-05,9.6375e-05,9.625e-05,9.6125e-05,9.6e-05,9.5875e-05,9.575e-05,9.5625e-05,9.55e-05,9.5375e-05,9.525e-05,9.5125e-05,9.5e-05,9.4875e-05,9.475e-05,9.4625e-05,9.45e-05,9.4375e-05,9.425e-05,9.4125e-05,9.4e-05,9.3875e-05,9.375e-05,9.3625e-05,9.35e-05,9.3375e-05,9.325e-05,9.3125e-05,9.3e-05,9.2875e-05,9.275e-05,9.2625e-05,9.25e-05,9.2375e-05,9.225e-05,9.2125e-05,9.2e-05,9.1875e-05,9.175e-05,9.1625e-05,9.15e-05,9.1375e-05,9.125e-05,9.1125e-05,9.1e-05,9.0875e-05,9.075e-05,9.0625e-05,9.05e-05,9.0375e-05,9.025e-05,9.0125e-05,9e-05

