60000,70000,80000,90000,100000,110000,120000,130000,140000,150000,160000,170000,180000,190000,200000,210000,220000,230000,240000,250000,260000,270000,280000,290000,300000,310000,320000,330000,340000,350000,360000,370000,380000,390000,400000,410000,420000,430000,440000,450000,460000,470000,480000,490000,500000,510000,520000,530000,540000,550000,560000,570000,580000,590000,600000,610000,620000,630000,640000,650000,660000,670000,680000,690000,700000,710000,720000,730000,740000,750000,760000,770000,780000,790000,800000,810000,820000,830000,840000,850000,860000,870000,880000,890000,900000,910000,920000,930000,940000,950000,960000,970000,980000,990000,1000000,1010000,1020000,1030000,1040000,1050000,1060000,1070000,1080000,1090000,1100000,1110000,1120000,1130000,1140000,1150000,1160000,1170000,1180000,1190000,1200000,1210000,1220000,1230000,1240000,1250000,1260000,1270000,1280000,1290000,1300000,1310000,1320000,1330000,1340000,1350000,1360000,1370000,1380000,1390000,1400000,1410000,1420000,1430000,1440000,1450000,1460000,1470000,1480000,1490000,1500000,1510000,1520000,1530000,1540000,1550000,1560000,1570000,1580000,1590000,1600000,1610000,1620000,1630000,1640000,1650000,1660000,1670000,1680000,1690000,1700000,1710000,1720000,1730000,1740000,1750000,1760000,1770000,1780000,1790000,1800000

-20.1111111111,-20.1486486486,-20.1294117647,-20.1354166667,-20.13,-20.19,-20.18,-20.18,-20.2,-20.21,-20.12,-20.15,-20.11,-20.12,-20.12,-20.07,-20.01,-19.94,-19.92,-19.82,-19.79,-19.76,-19.71,-19.63,-19.49,-19.45,-19.4,-19.26,-19.18,-19.15,-19.11,-19.02,-19.0,-18.9,-18.75,-18.61,-18.51,-18.47,-18.41,-18.34,-18.23,-18.2,-18.14,-18.07,-17.98,-17.83,-17.66,-17.52,-17.38,-17.27,-17.27,-17.28,-17.14,-17.09,-16.99,-16.91,-16.73,-16.62,-16.59,-16.56,-16.42,-16.19,-15.88,-15.79,-15.65,-15.48,-15.37,-15.17,-14.97,-14.82,-14.64,-14.31,-14.18,-13.98,-13.6,-13.36,-13.06,-12.88,-12.55,-12.31,-12.05,-11.82,-11.54,-11.17,-10.8,-10.63,-10.25,-9.72,-9.41,-9.08,-8.73,-8.16,-7.67,-6.76,-6.01,-5.38,-4.58,-3.39,-2.13,-1.09,-0.17,0.8,1.97,3.0,3.85,4.71,5.49,6.23,7.29,8.12,9.05,9.78,10.61,11.07,11.5,12.23,12.68,13.35,13.58,13.9,14.22,14.12,13.98,13.89,13.98,13.89,13.74,13.69,13.58,13.53,13.34,13.09,13.19,13.34,13.24,13.25,13.19,13.23,13.28,13.53,13.48,13.49,13.48,13.56,13.5,13.52,13.61,13.69,14.04,14.14,14.16,14.18,14.39,14.72,14.99,15.41,15.38,15.49,15.68,15.91,15.9,15.9,15.88,15.93,16.05,15.91,15.92,15.95,16.09,16.12,16.23,16.31,16.26,16.49,16.57

63,74,85,96,107,117,128,138,149,160,169,180,190,201,210,220,230,239,249,258,267,276,284,292,299,307,315,323,330,338,345,353,360,367,375,381,388,395,402,409,415,421,427,434,441,446,453,459,465,471,477,483,489,495,501,506,511,516,521,527,532,537,541,546,551,556,561,565,570,574,578,582,587,591,595,598,601,604,608,611,614,617,620,623,625,628,631,634,637,639,642,645,648,652,655,658,662,666,671,675,679,683,687,691,695,699,703,707,712,716,720,724,728,732,736,740,744,749,753,758,762,766,769,773,777,781,785,788,791,795,798,801,805,809,813,817,821,825,829,834,837,842,846,851,855,859,864,868,872,876,880,884,888,893,897,901,905,909,914,918,922,926,930,934,939,943,947,952,957,961,966,971,974,979,983

0.946,0.937,0.928,0.919,0.91,0.901,0.892,0.883,0.874,0.865,0.856,0.847,0.838,0.829,0.82,0.811,0.802,0.793,0.784,0.775,0.766,0.757,0.748,0.739,0.73,0.721,0.712,0.703,0.694,0.685,0.676,0.667,0.658,0.649,0.64,0.631,0.622,0.613,0.604,0.595,0.586,0.577,0.568,0.559,0.55,0.541,0.532,0.523,0.514,0.505,0.496,0.487,0.478,0.469,0.46,0.451,0.442,0.433,0.424,0.415,0.406,0.397,0.388,0.379,0.37,0.361,0.352,0.343,0.334,0.325,0.316,0.307,0.298,0.289,0.28,0.271,0.262,0.253,0.244,0.235,0.226,0.217,0.208,0.199,0.19,0.181,0.172,0.163,0.154,0.145,0.136,0.127,0.118,0.109,0.1,0.099775,0.09955,0.099325,0.0991,0.098875,0.09865,0.098425,0.0982,0.097975,0.09775,0.097525,0.0973,0.097075,0.09685,0.096625,0.0964,0.096175,0.09595,0.095725,0.0955,0.095275,0.09505,0.094825,0.0946,0.094375,0.09415,0.093925,0.0937,0.093475,0.09325,0.093025,0.0928,0.092575,0.09235,0.092125,0.0919,0.091675,0.09145,0.091225,0.091,0.090775,0.09055,0.090325,0.0901,0.089875,0.08965,0.089425,0.0892,0.088975,0.08875,0.088525,0.0883,0.088075,0.08785,0.087625,0.0874,0.087175,0.08695,0.086725,0.0865,0.086275,0.08605,0.085825,0.0856,0.085375,0.08515,0.084925,0.0847,0.084475,0.08425,0.084025,0.0838,0.083575,0.08335,0.083125,0.0829,0.082675,0.08245,0.082225,0.082

0.0001,0.0001,0.0001,0.0001,0.0001,0.0001,0.0001,0.0001,0.0001,0.0001,0.0001,0.0001,0.0001,0.0001,0.0001,0.0001,0.0001,0.0001,0.0001,0.0001,0.0001,0.0001,0.0001,0.0001,0.0001,0.0001,0.0001,0.0001,0.0001,0.0001,0.0001,0.0001,0.0001,0.0001,0.0001,0.0001,0.0001,0.0001,0.0001,0.0001,0.0001,0.0001,0.0001,0.0001,0.0001,0.0001,0.0001,0.0001,0.0001,0.0001,0.0001,0.0001,0.0001,0.0001,0.0001,0.0001,0.0001,0.0001,0.0001,0.0001,0.0001,0.0001,0.0001,0.0001,0.0001,0.0001,0.0001,0.0001,0.0001,0.0001,0.0001,0.0001,0.0001,0.0001,0.0001,0.0001,0.0001,0.0001,0.0001,0.0001,0.0001,0.0001,0.0001,0.0001,0.0001,0.0001,0.0001,0.0001,0.0001,0.0001,0.0001,0.0001,0.0001,0.0001,0.0001,9.9875e-05,9.975e-05,9.9625e-05,9.95e-05,9.9375e-05,9.925e-05,9.9125e-05,9.9e-05,9.8875e-05,9.875e-05,9.8625e-05,9.85e-05,9.8375e-05,9.825e-05,9.8125e-05,9.8e-05,9.7875e-05,9.775e-05,9.7625e-05,9.75e-05,9.7375e-05,9.725e-05,9.7125e-05,9.7e-05,9.6875e-05,9.675e-05,9.6625e-05,9.65e-05,9.6375e-05,9.625e-05,9.6125e-05,9.6e-05,9.5875e-05,9.575e-05,9.5625e-05,9.55e-05,9.5375e-05,9.525e-05,9.5125e-05,9.5e-05,9.4875e-05,9.475e-05,9.4625e-05,9.45e-05,9.4375e-05,9.425e-05,9.4125e-05,9.4e-05,9.3875e-05,9.375e-05,9.3625e-05,9.35e-05,9.3375e-05,9.325e-05,9.3125e-05,9.3e-05,9.2875e-05,9.275e-05,9.2625e-05,9.25e-05,9.2375e-05,9.225e-05,9.2125e-05,9.2e-05,9.1875e-05,9.175e-05,9.1625e-05,9.15e-05,9.1375e-05,9.125e-05,9.1125e-05,9.1e-05,9.0875e-05,9.075e-05,9.0625e-05,9.05e-05,9.0375e-05,9.025e-05,9.0125e-05,9e-05

